0 0.742708 0.776852 0.144792 0.129630
0 0.633594 0.577315 0.213021 0.184259
0 0.821875 0.327778 0.110417 0.090741
0 0.089063 0.641667 0.154167 0.111111
0 0.570052 0.827778 0.110937 0.188889
0 0.055469 0.404630 0.109896 0.100000
0 0.200000 0.459259 0.095833 0.075926
0 0.406510 0.568981 0.050521 0.071296
0 0.329948 0.542593 0.065104 0.090741
0 0.319010 0.695833 0.054688 0.102778
0 0.269792 0.716204 0.040625 0.152778
0 0.360938 0.595370 0.054167 0.048148
0 0.281250 0.569444 0.054167 0.070370
0 0.445833 0.554630 0.042708 0.074074
0 0.858333 0.749537 0.079167 0.117593
