0 0.842187 0.764352 0.315625 0.265741
0 0.223698 0.693981 0.224479 0.158333
0 0.307812 0.635185 0.160417 0.148148
0 0.341667 0.317130 0.147917 0.228704
0 0.534115 0.293981 0.149479 0.149074
0 0.271354 0.118981 0.108333 0.132407
0 0.786719 0.436111 0.095312 0.157407
0 0.858073 0.453704 0.093229 0.129630
0 0.260677 0.399537 0.044271 0.115741
0 0.051823 0.210185 0.063021 0.087037
0 0.087760 0.180556 0.065104 0.083333
0 0.072135 0.044907 0.078646 0.086111
0 0.689063 0.132870 0.089583 0.063889
0 0.502865 0.054630 0.101562 0.064815
