0 0.774479 0.694444 0.120833 0.179630
0 0.657552 0.881481 0.093229 0.227778
0 0.515625 0.811111 0.102083 0.172222
0 0.658854 0.484722 0.168750 0.156481
0 0.267969 0.916667 0.169271 0.166667
0 0.248177 0.444907 0.079687 0.275000
0 0.151562 0.431481 0.122917 0.179630
0 0.081250 0.413889 0.092708 0.196296
0 0.343750 0.766204 0.109375 0.080556
0 0.338542 0.685185 0.044792 0.131481
0 0.813021 0.415741 0.093750 0.114815
0 0.744010 0.481944 0.091146 0.147222
0 0.650260 0.565278 0.104688 0.121296
0 0.681250 0.449537 0.100000 0.128704
0 0.760417 0.419907 0.137500 0.113889
0 0.534896 0.460185 0.068750 0.255556
0 0.469792 0.387037 0.051042 0.151852
0 0.407292 0.320833 0.038542 0.202778
0 0.569792 0.186111 0.115625 0.144444
0 0.186458 0.207870 0.101042 0.104630
0 0.124219 0.272222 0.118229 0.074074
0 0.063542 0.209722 0.121875 0.097222
0 0.952865 0.682870 0.094271 0.115741
0 0.951042 0.371296 0.083333 0.166667
