0 0.152083 0.767593 0.116667 0.303704
0 0.600260 0.811111 0.132812 0.131481
0 0.531510 0.750926 0.074479 0.218519
0 0.472396 0.504167 0.104167 0.139815
0 0.559896 0.589815 0.081250 0.111111
0 0.545052 0.497222 0.065104 0.111111
0 0.366146 0.561574 0.041667 0.189815
0 0.323958 0.368056 0.068750 0.150926
0 0.327344 0.151852 0.107813 0.087037
0 0.401042 0.334259 0.046875 0.140741
0 0.200260 0.342593 0.167187 0.183333
0 0.247396 0.081019 0.112500 0.082407
0 0.093229 0.305093 0.047917 0.160185
0 0.802604 0.560185 0.175000 0.233333
0 0.498437 0.195370 0.079167 0.125926
0 0.499479 0.371296 0.047917 0.087037
0 0.573438 0.275463 0.056250 0.067593
0 0.733073 0.262037 0.107813 0.114815
0 0.934375 0.386111 0.063542 0.083333
0 0.966406 0.567130 0.067187 0.149074
