0 0.620833 0.735648 0.212500 0.367593
0 0.394010 0.719444 0.216146 0.400000
0 0.084896 0.285185 0.093750 0.125926
0 0.234375 0.496759 0.053125 0.199074
0 0.288802 0.574074 0.077604 0.194444
0 0.384375 0.302315 0.126042 0.136111
0 0.515104 0.426389 0.039583 0.126852
0 0.728125 0.540278 0.151042 0.258333
0 0.619010 0.283333 0.161979 0.150000
0 0.077865 0.160648 0.101562 0.091667
0 0.257292 0.398611 0.039583 0.115741
0 0.259375 0.276389 0.032292 0.100926
0 0.307031 0.280556 0.031771 0.103704
0 0.613802 0.903704 0.105729 0.177778
