0 0.127083 0.893981 0.120833 0.212037
0 0.267708 0.775000 0.068750 0.248148
0 0.222396 0.469907 0.055208 0.139815
0 0.252865 0.521296 0.063021 0.142593
0 0.303385 0.465741 0.044271 0.088889
0 0.349479 0.517130 0.077083 0.162037
0 0.092969 0.527315 0.060937 0.225000
0 0.066406 0.390278 0.052604 0.104630
0 0.054688 0.087500 0.107292 0.115741
0 0.123177 0.337963 0.092188 0.079630
0 0.480729 0.311111 0.139583 0.150000
0 0.455208 0.470833 0.056250 0.099074
0 0.483073 0.616204 0.126562 0.137963
0 0.505729 0.839815 0.113542 0.129630
0 0.437500 0.912500 0.083333 0.175000
0 0.767969 0.682870 0.193229 0.260185
0 0.698438 0.379167 0.167708 0.187963
0 0.929948 0.740741 0.140104 0.238889
0 0.744010 0.945370 0.095312 0.109259
0 0.972396 0.562500 0.055208 0.076852
