0 0.633594 0.877315 0.325521 0.245370
0 0.258594 0.720370 0.182812 0.285185
0 0.140625 0.304630 0.133333 0.209259
0 0.265625 0.399074 0.126042 0.296296
0 0.617448 0.634722 0.115104 0.117593
0 0.597396 0.375000 0.102083 0.277778
0 0.832812 0.517593 0.135417 0.170370
0 0.687500 0.076852 0.153125 0.151852
0 0.909896 0.683333 0.125000 0.198148
0 0.832812 0.392130 0.107292 0.108333
0 0.364063 0.340278 0.056250 0.137963
0 0.453125 0.285648 0.052083 0.210185
0 0.405990 0.619444 0.088021 0.111111
0 0.396875 0.503704 0.078125 0.133333
