0 0.261719 0.602778 0.264062 0.216667
0 0.367188 0.558333 0.139583 0.112963
0 0.489323 0.357870 0.200521 0.250926
0 0.417708 0.200926 0.131250 0.138889
0 0.656771 0.358796 0.134375 0.121296
0 0.835677 0.475463 0.138021 0.100926
0 0.698177 0.099537 0.106771 0.093519
0 0.318490 0.085648 0.097396 0.056481
0 0.216406 0.194444 0.077604 0.074074
0 0.167187 0.034722 0.107292 0.063889
0 0.072917 0.038426 0.056250 0.075000
0 0.092708 0.210185 0.076042 0.057407
0 0.157292 0.237037 0.070833 0.070370
0 0.324219 0.373148 0.058854 0.092593
0 0.353906 0.292130 0.053646 0.063889
