0 0.358594 0.900000 0.182812 0.200000
0 0.608333 0.860648 0.135417 0.278704
0 0.379688 0.587037 0.092708 0.264815
0 0.546875 0.457407 0.091667 0.183333
0 0.614062 0.282407 0.107292 0.100000
0 0.582292 0.106481 0.136458 0.103704
0 0.165104 0.155093 0.165625 0.154630
0 0.434115 0.312037 0.099479 0.127778
0 0.734896 0.057407 0.127083 0.090741
0 0.873698 0.921759 0.194271 0.156481
0 0.930469 0.909259 0.139063 0.181481
0 0.809115 0.243519 0.067187 0.096296
0 0.866406 0.264815 0.079687 0.094444
0 0.944531 0.454167 0.110937 0.119444
0 0.941667 0.551852 0.112500 0.133333
