0 0.728125 0.849537 0.280208 0.300926
0 0.438542 0.377315 0.215625 0.204630
0 0.341667 0.818981 0.227083 0.362037
0 0.115365 0.527778 0.224479 0.181481
0 0.096615 0.737963 0.191146 0.338889
0 0.344010 0.253704 0.119271 0.148148
0 0.537500 0.633333 0.097917 0.166667
0 0.657292 0.591667 0.072917 0.129630
0 0.558854 0.495370 0.066667 0.116667
0 0.422656 0.537037 0.047396 0.107407
0 0.477344 0.497685 0.047396 0.189815
0 0.745573 0.430093 0.170313 0.128704
0 0.779167 0.628241 0.173958 0.193519
0 0.883854 0.862037 0.131250 0.174074
0 0.806250 0.540278 0.110417 0.084259
0 0.874740 0.607870 0.106771 0.108333
0 0.929427 0.449074 0.099479 0.079630
0 0.575260 0.331481 0.057813 0.107407
0 0.568490 0.231481 0.083854 0.057407
