0 0.242188 0.770833 0.194792 0.317593
0 0.476562 0.768981 0.139583 0.304630
0 0.543490 0.634722 0.117188 0.247222
0 0.634635 0.631481 0.127604 0.181481
0 0.784375 0.815278 0.160417 0.154630
0 0.712500 0.885185 0.115625 0.209259
0 0.936458 0.807870 0.127083 0.310185
0 0.094792 0.206019 0.140625 0.128704
0 0.144271 0.326852 0.147917 0.133333
0 0.182812 0.614352 0.116667 0.147222
0 0.302083 0.487037 0.092708 0.122222
0 0.389844 0.531019 0.054688 0.128704
0 0.274219 0.242593 0.101562 0.137037
0 0.479687 0.380556 0.068750 0.096296
0 0.536719 0.347685 0.051562 0.139815
0 0.308854 0.137500 0.064583 0.110185
0 0.846615 0.480556 0.109896 0.129630
0 0.796354 0.412037 0.068750 0.070370
0 0.930729 0.586574 0.079167 0.100926
0 0.735156 0.529630 0.045312 0.135185
0 0.655729 0.461574 0.050000 0.108333
0 0.437500 0.273611 0.058333 0.097222
