0 0.126823 0.913426 0.066146 0.173148
0 0.322917 0.820833 0.120833 0.328704
0 0.504167 0.816204 0.109375 0.299074
0 0.581771 0.771296 0.106250 0.248148
0 0.642969 0.801852 0.059896 0.194444
0 0.848177 0.838426 0.167187 0.150926
0 0.691146 0.867130 0.067708 0.171296
0 0.716667 0.665278 0.105208 0.184259
0 0.637500 0.676852 0.083333 0.175926
0 0.228906 0.560185 0.103646 0.107407
0 0.231510 0.350000 0.079687 0.183333
0 0.152344 0.159259 0.125521 0.107407
0 0.325000 0.263426 0.094792 0.143519
0 0.357812 0.168519 0.085417 0.077778
0 0.362500 0.575926 0.082292 0.185185
0 0.413542 0.577778 0.039583 0.109259
0 0.502865 0.550463 0.095312 0.110185
0 0.605208 0.518981 0.080208 0.180556
0 0.522917 0.453704 0.080208 0.131481
0 0.454948 0.397222 0.071354 0.114815
0 0.431771 0.445833 0.054167 0.156481
0 0.939583 0.668981 0.080208 0.087963
0 0.828385 0.481481 0.083854 0.087037
0 0.867969 0.608333 0.091146 0.164815
0 0.692969 0.274074 0.071354 0.079630
