0 0.264583 0.613426 0.190625 0.323148
0 0.460417 0.605093 0.129167 0.312037
0 0.601823 0.529167 0.114062 0.252778
0 0.944792 0.339815 0.110417 0.166667
0 0.675260 0.193056 0.136979 0.126852
0 0.754948 0.061111 0.108854 0.090741
0 0.129167 0.622685 0.062500 0.219444
0 0.482031 0.248148 0.167187 0.166667
0 0.447656 0.327778 0.109896 0.142593
0 0.185156 0.375926 0.105729 0.162963
0 0.236458 0.244444 0.092708 0.103704
0 0.529167 0.137963 0.102083 0.116667
0 0.624479 0.105093 0.100000 0.095370
0 0.930208 0.683333 0.134375 0.192593
